2020-01-01,銀行休業日
2020-01-02,銀行休業日
2020-01-03,銀行休業日
2020-01-13,成人の日
2020-02-03,節分
2020-02-11,建国記念の日
2020-02-23,天皇誕生日
2020-02-24,"天皇誕生日 振替休日"
2020-03-03,雛祭り
2020-03-20,春分の日
2020-04-29,昭和の日
2020-05-03,憲法記念日
2020-05-04,みどりの日
2020-05-05,こどもの日
2020-05-06,"憲法記念日 振替休日"
2020-05-10,母の日
2020-07-07,七夕
2020-07-23,海の日
2020-07-24,スポーツの日
2020-08-10,山の日
2020-09-21,敬老の日
2020-09-22,秋分の日
2020-11-03,文化の日
2020-11-15,七五三
2020-11-23,勤労感謝の日
2020-12-25,クリスマス
2020-12-31,大晦日
